roll_no,u1_co1,u1_co2
33102,8,10
33103,6,6
33104,4,5
33105,14,5
33106,7,14
33107,6,15
33108,15,13
33109,2,10
33110,7,11
33111,10,10
33112,2,4
33113,3,3
33114,10,7
33115,9,4
33116,12,11
33117,9,11
33118,15,8
33119,2,9
33120,7,10
33121,11,5
33122,2,13
33123,13,8
33124,7,13
33125,10,5
33126,3,13
33127,1,6
33128,3,8
33129,9,4
33130,15,1
33131,13,1
33132,13,14
33133,1,3
33134,7,9
33135,10,5
33136,4,10
33137,13,8
33138,14,8
33139,14,9
33140,7,7
33141,11,2
33142,14,13
33143,12,6
33144,1,12
33145,1,12
33146,11,13
33147,15,5
33148,5,1
33149,3,12
33150,6,14
33151,5,6
33152,8,9
33153,3,7
33154,2,5
33155,14,10
33156,9,9
33157,8,9
33158,12,5
33159,7,3
33160,10,2
33161,8,1
33162,7,11
33163,5,11
33164,7,1
33165,4,11
33166,14,3
33167,4,9
33168,7,7
33169,1,9
33170,14,8
33171,11,4
33172,8,15
33173,4,8
33174,10,2
33175,10,11
33176,4,13
33177,5,10
33178,12,4
33179,4,1
33180,6,1
33181,7,6
33182,15,9
33183,7,6
33184,8,1
33185,1,7
33186,3,13
33187,5,12
33188,1,13
33189,10,6
33190,11,5
33191,15,8
33192,6,7
33193,13,6
33194,11,5
33195,3,7
33196,6,6
33197,11,2
33198,12,11
33199,1,6
33200,14,11
33201,10,15
33202,8,6
33203,14,11
33204,14,11
33205,15,15
33206,2,9
33207,3,2
33208,11,6
33209,13,4
33210,11,2
33211,13,1
33212,9,5
33213,9,1
33214,11,1
33215,3,12
33216,12,7
33217,1,11
33218,6,14
33219,1,14
33220,6,8
33221,3,13
33222,10,2
33223,2,5
33224,1,13
33225,1,7
33226,5,3
33227,3,15
33228,6,7
33229,4,11
33230,1,6
33231,2,4
33232,11,7
33233,13,10
33234,9,11
33235,10,10
33236,3,15
33237,12,8
33238,1,11
33239,11,8
33240,5,15
33241,9,12
33242,11,6
33243,3,11
33244,5,14
33245,1,3
33246,10,10
33247,8,2
33248,3,13
33249,8,9
33250,14,7
33251,2,14
33252,2,14
33253,15,12
33254,12,15
33255,14,11
33256,13,14
33257,11,13
33258,1,15
33259,2,4
33260,4,5
33261,6,6
33262,3,14
33263,4,7
33264,11,3
33265,12,5
33266,5,11
33267,14,11
33268,4,3
33269,6,2
33270,4,6
33271,7,6
33272,15,12
33273,8,4
33274,10,9
33275,6,11
33276,5,14
33277,13,2
33278,11,10
33279,13,6
