roll_no,end_sem
33201,33
33202,50
33203,62
33204,18
33205,60
33206,28
33207,68
33208,18
33209,16
33210,46
33211,11
33212,55
33213,43
33214,10
33215,43
33216,33
33217,15
33218,46
33219,43
33220,24
33221,58
33222,24
33223,22
33224,62
33225,24
33226,30
33227,16
33228,59
33229,58
33230,12
33231,61
33232,19
33233,33
33234,14
33235,38
33236,56
33237,41
33238,60
33239,56
33240,49
33241,41
33242,64
33243,55
33244,39
33245,19
33246,54
33247,20
33248,34
33249,15
33250,53
33251,40
33252,30
33253,40
33254,20
33255,60
33256,17
33257,34
33258,66
33259,21
33260,64
33261,22
33262,66
33263,69
33264,43
33265,20
33266,15
33267,35
33268,24
33269,65
33270,32
33271,29
33272,10
33273,16
33274,49
33275,69
33276,44
33277,13
33278,10
33279,13
